0 0
0.133333 0.133333
0.106667 0.0266667
0.112 0.112
0.110933 0.0437333
0.111147 0.0983467
0.111104 0.054656
0.111113 0.0896085
0.111111 0.0616465
0.111111 0.0840161
0.111111 0.0661204
0.111111 0.080437
0.111111 0.0689837
0.111111 0.0781463
0.111111 0.0708163
0.111111 0.0766803
0.111111 0.0719891
0.111111 0.0757421
0.111111 0.0727397
0.111111 0.0751416
0.111111 0.0732201
0.111111 0.0747573
0.111111 0.0735275
0.111111 0.0745113
0.111111 0.0737243
0.111111 0.0743539
0.111111 0.0738502
0.111111 0.0742532
0.111111 0.0739308
0.111111 0.0741887
0.111111 0.0739824
0.111111 0.0741474
0.111111 0.0740154
0.111111 0.074121
0.111111 0.0740365
0.111111 0.0741041
0.111111 0.07405
0.111111 0.0740933
0.111111 0.0740587
0.111111 0.0740864
0.111111 0.0740642
0.111111 0.074082
0.111111 0.0740678
0.111111 0.0740791
0.111111 0.07407
0.111111 0.0740773
0.111111 0.0740715
0.111111 0.0740761
0.111111 0.0740724
0.111111 0.0740754
0.111111 0.074073
0.111111 0.0740749
0.111111 0.0740734
0.111111 0.0740746
0.111111 0.0740736
0.111111 0.0740744
0.111111 0.0740738
0.111111 0.0740743
0.111111 0.0740739
0.111111 0.0740742
0.111111 0.074074
0.111111 0.0740742
0.111111 0.074074
0.111111 0.0740741
0.111111 0.074074
0.111111 0.0740741
0.111111 0.074074
0.111111 0.0740741
0.111111 0.0740741
0.111111 0.0740741
0.111111 0.0740741
