1317737 1e-05
658866 2e-05
439242 3e-05
329430 4e-05
263543 5e-05
219619 6e-05
188244 7e-05
164713 8e-05
146411 9e-05
131769 0.0001
119790 0.00011
109807 0.00012
101360 0.00013
94119 0.00014
87844 0.00015
82354 0.00016
77509 0.00017
73203 0.00018
69350 0.00019
65882 0.0002
62745 0.00021
59892 0.00022
57288 0.00023
54901 0.00024
52705 0.00025
50677 0.00026
48800 0.00027
47057 0.00028
45434 0.00029
43920 0.0003
42503 0.00031
41174 0.00032
39926 0.00033
38752 0.00034
37645 0.00035
36599 0.00036
35610 0.00037
34672 0.00038
33783 0.00039
32938 0.0004
32135 0.00041
31370 0.00042
30640 0.00043
29944 0.00044
29278 0.00045
28641 0.00046
28032 0.00047
27448 0.00048
26888 0.00049
26350 0.0005
25833 0.00051
25336 0.00052
24858 0.00053
24398 0.00054
23954 0.00055
23526 0.00056
23113 0.00057
22715 0.00058
22330 0.00059
21957 0.0006
21597 0.00061
21249 0.00062
20911 0.00063
20585 0.00064
20268 0.00065
19961 0.00066
19663 0.00067
19373 0.00068
19093 0.00069
18820 0.0007
18555 0.00071
18297 0.00072
18046 0.00073
17802 0.00074
17565 0.00075
17334 0.00076
17108 0.00077
16889 0.00078
16675 0.00079
16467 0.0008
16263 0.00081
16065 0.00082
15871 0.00083
15682 0.00084
15498 0.00085
15317 0.00086
15141 0.00087
14969 0.00088
14801 0.00089
14636 0.0009
14476 0.00091
14318 0.00092
14164 0.00093
14013 0.00094
13866 0.00095
13721 0.00096
13580 0.00097
13441 0.00098
13305 0.00099
13172 0.001
