2 51
3 1.85733
4 0.495161
5 0.196525
6 0.1006
7 0.0600595
8 0.0388657
9 0.0262673
10 0.0182313
11 0.0128887
12 0.00923839
13 0.0066944
14 0.00489413
15 0.00360448
16 0.00267128
17 0.00199031
18 0.00148983
19 0.00111975
20 0.000844622
21 0.000639135
22 0.000485027
23 0.000369028
24 0.000281428
25 0.000215081
26 0.000164695
27 0.00012634
28 9.7077e-05
29 7.47067e-05
30 5.75735e-05
31 4.44289e-05
32 3.43283e-05
33 2.65552e-05
34 2.05651e-05
35 1.5943e-05
36 1.23721e-05
37 9.61022e-06
38 7.47167e-06
39 5.81409e-06
40 4.52802e-06
41 3.52928e-06
42 2.75296e-06
43 2.14901e-06
44 1.67877e-06
45 1.31234e-06
46 1.02658e-06
47 8.03573e-07
48 6.29407e-07
49 4.93292e-07
50 3.86843e-07
51 3.0354e-07
52 2.38308e-07
53 1.87195e-07
54 1.47122e-07
55 1.15687e-07
56 9.10124e-08
57 7.16347e-08
58 5.64087e-08
59 4.44387e-08
60 3.50238e-08
61 2.7615e-08
62 2.17822e-08
63 1.71879e-08
64 1.35678e-08
65 1.0714e-08
66 8.46332e-09
67 6.6877e-09
68 5.2863e-09
69 4.17985e-09
70 3.30597e-09
71 2.61554e-09
72 2.06986e-09
73 1.63846e-09
74 1.29731e-09
75 1.02743e-09
76 8.13888e-10
77 6.44872e-10
78 5.11063e-10
79 4.05103e-10
80 3.21174e-10
81 2.54682e-10
82 2.01993e-10
83 1.60231e-10
84 1.27125e-10
85 1.00875e-10
86 8.00575e-11
87 6.35447e-11
88 5.04447e-11
89 4.00513e-11
90 3.18032e-11
91 2.5257e-11
92 2.00603e-11
93 1.59342e-11
94 1.26593e-11
95 1.00569e-11
96 7.99062e-12
97 6.35057e-12
98 5.04738e-12
99 4.0115e-12
100 3.18805e-12
101 2.53436e-12
102 2.01446e-12
103 1.60208e-12
104 1.27345e-12
105 1.01281e-12
106 8.05308e-13
107 6.4037e-13
108 5.09221e-13
109 4.05306e-13
110 3.22197e-13
111 2.56408e-13
112 2.04453e-13
113 1.61914e-13
114 1.29169e-13
115 1.02119e-13
