2 51
3 33.0757
4 21.6372
5 14.2002
6 9.3363
7 6.14577
8 4.04903
9 2.66936
10 1.7607
11 1.16183
12 0.766917
13 0.50638
14 0.334433
15 0.220918
16 0.145959
17 0.0964488
18 0.0637412
19 0.0421303
20 0.0278493
21 0.0184107
22 0.012172
23 0.00804795
24 0.0053215
25 0.00351889
26 0.00232701
27 0.00153889
28 0.00101774
29 0.000673095
30 0.000445174
31 0.000294438
32 0.000194746
33 0.000128811
34 8.52005e-05
35 5.63559e-05
36 3.72771e-05
37 2.46576e-05
38 1.63104e-05
39 1.0789e-05
40 7.13677e-06
41 4.72091e-06
42 3.12286e-06
43 2.06577e-06
44 1.36651e-06
45 9.03955e-07
46 5.97973e-07
47 3.95566e-07
48 2.61672e-07
49 1.73099e-07
50 1.14508e-07
51 7.5749e-08
52 5.01094e-08
53 3.31483e-08
54 2.19283e-08
55 1.4506e-08
56 9.59606e-09
57 6.34801e-09
58 4.19936e-09
59 2.77798e-09
60 1.8377e-09
61 1.21568e-09
62 8.04206e-10
63 5.32003e-10
64 3.51933e-10
65 2.32813e-10
66 1.54011e-10
67 1.01882e-10
68 6.73969e-11
69 4.45852e-11
70 2.94949e-11
71 1.9512e-11
72 1.29069e-11
73 8.53791e-12
74 5.64821e-12
75 3.73647e-12
76 2.4716e-12
77 1.63497e-12
78 1.08207e-12
79 7.16118e-13
80 4.7401e-13
81 3.1362e-13
82 2.07497e-13
83 1.3741e-13
