1 2601
2 2262.88
3 178.285
4 141.544
5 100.713
6 86.5722
7 18.1956
8 15.2371
9 8.31339
10 7.23104
11 0.589881
12 0.469262
13 0.335119
14 0.288614
15 0.0633003
16 0.0534238
17 0.0302082
18 0.0265393
19 0.00291619
20 0.00245453
21 0.00192714
22 0.00173747
23 0.000755704
24 0.000695283
25 0.000539759
26 0.000509947
27 0.000171541
28 0.000160104
29 0.000145124
30 0.000138817
31 9.79338e-05
32 9.32426e-05
33 7.99087e-05
34 7.69007e-05
35 3.2016e-05
36 3.01664e-05
37 2.76851e-05
38 2.66149e-05
39 1.9472e-05
40 1.8604e-05
41 1.61147e-05
42 1.55453e-05
43 6.85249e-06
44 6.474e-06
45 5.96434e-06
46 5.74361e-06
47 4.26195e-06
48 4.0794e-06
49 3.55422e-06
50 3.43341e-06
51 1.5698e-06
52 1.48581e-06
53 1.37246e-06
54 1.32323e-06
55 9.91585e-07
56 9.50351e-07
57 8.31451e-07
58 8.03992e-07
59 3.77334e-07
60 3.57634e-07
61 3.30997e-07
62 3.19408e-07
63 2.41114e-07
64 2.31315e-07
65 2.03008e-07
66 1.96452e-07
67 9.40311e-08
68 8.92157e-08
69 8.26965e-08
70 7.98559e-08
71 6.06249e-08
72 5.82055e-08
73 5.12077e-08
74 4.95832e-08
75 2.40999e-08
76 2.28851e-08
77 2.12386e-08
78 2.05203e-08
79 1.56495e-08
80 1.50342e-08
81 1.32527e-08
82 1.28385e-08
83 6.31774e-09
84 6.00341e-09
85 5.57704e-09
86 5.39087e-09
87 4.12665e-09
88 3.96642e-09
89 3.50211e-09
90 3.39397e-09
91 1.68732e-09
92 1.6043e-09
93 1.49161e-09
94 1.44237e-09
95 1.10759e-09
96 1.06505e-09
97 9.41666e-10
98 9.12896e-10
99 4.57797e-10
100 4.3549e-10
101 4.05193e-10
102 3.91944e-10
103 3.0179e-10
104 2.90305e-10
105 2.5698e-10
106 2.49202e-10
107 1.2591e-10
108 1.19827e-10
109 1.11562e-10
110 1.07945e-10
111 8.33135e-11
112 8.01694e-11
113 7.1041e-11
114 6.89083e-11
115 3.50475e-11
116 3.33674e-11
117 3.10832e-11
118 3.00833e-11
119 2.32681e-11
120 2.23966e-11
121 1.98651e-11
122 1.92732e-11
123 9.8609e-12
124 9.3915e-12
125 8.75308e-12
126 8.47345e-12
127 6.56645e-12
128 6.32219e-12
129 5.61238e-12
130 5.44629e-12
131 2.80158e-12
132 2.66908e-12
133 2.4888e-12
134 2.4098e-12
135 1.87075e-12
136 1.8016e-12
137 1.60058e-12
138 1.55351e-12
139 8.03073e-13
140 7.65319e-13
141 7.13933e-13
142 6.91408e-13
143 5.37612e-13
144 5.17857e-13
145 4.60406e-13
146 4.46945e-13
147 2.32095e-13
148 2.21244e-13
149 2.06471e-13
150 1.99993e-13
151 1.55739e-13
152 1.50047e-13
153 1.3349e-13
154 1.29608e-13
