13466
11079
9504
8113
6985
6050
5318
4735
4467
4407
3541
3885
4554
2986
2699
2409
2333
2201
1821
1681
1534
1537
1604
1529
1529
1655
1836
1712
1587
1566
1545
1580
1653
1617
1605
2068
1765
1721
1670
1700
1698
1684
1670
1676
1687
1531
1773
1761
1772
1760
1768
1694
1694
1721
1693
1683
1838
1870
1857
1839
1903
1862
2197
2853
2991
3044
2339
2067
2093
2063
1859
1816
1839
1827
1867
1919
1978
1950
1949
1821
1824
1817
1824
1845
1820
1937
2123
2079
2046
2117
2050
2047
1964
1999
1978
2056
2076
2070
2052
2058
2059
2038
2044
2028
2033
2101
2241
3373
2169
2165
2362
2698
2128
2138
2124
2197
2369
2243
2264
2292
2261
2247
2249
2246
2250
2258
2289
2287
2245
2910
3428
3441
3435
3420
3116
2392
2380
2260
2362
2249
2271
2265
2340
2366
2273
2274
2265
2278
2265
2271
2276
2337
2380
2476
2544
3347
2449
3239
2421
2444
3449
3671
3621
3589
3355
2478
2469
3019
2444
2475
2504
2718
3690
3638
3624
3473
2428
2585
2472
2545
2411
2630
2635
2637
2623
2603
2612
2628
2611
2630
2667
2622
2625
2759
2743
2755
2674
2751
2722
2721
2712
2713
2791
2787
2783
2863
2908
2907
3060
3061
3063
3135
3019
3005
2935
2998
2906
2904
2906
2900
2910
2902
2903
2901
2957
3101
2907
2906
2910
2909
2978
2982
2981
2986
2977
2984
2985
2985
2988
2983
2985
2989
2986
2986
2987
3199
3203
3197
3212
3182
3182
3180
3183
3175
3176
3174
3172
3182
3175
3174
3174
3176
3178
3183
3180
3182
3180
3180
3176
3178
3176
3176
2961
2986
2980
2977
2978
2978
2979
2976
2978
2981
2982
2977
2981
2982
2983
2909
2914
2908
2905
2911
2909
2914
2910
2915
2912
2918
2912
2913
2911
2907
2910
2907
2906
2904
3161
2939
2907
2902
2898
2895
2899
2900
2897
2913
2897
2924
2928
2929
2930
3000
3004
3008
3002
3004
3000
3005
3211
3213
3212
3214
3213
3213
3215
3220
3218
3222
3289
3295
3284
3286
3283
3310
3267
3370
3961
3512
3365
3415
3559
3530
3518
3519
3488
3323
3324
3324
3321
3328
3324
3326
3328
3327
3323
3321
3331
3397
3393
3410
3425
3397
3401
3393
3403
3411
3479
3468
3481
3473
3479
3473
3478
3477
3477
3486
3504
3481
3472
3473
3474
3468
3475
3501
3461
3471
3472
3466
3470
3476
3468
3469
3464
3517
3516
3518
3517
3519
3499
3724
3515
3516
3503
3605
3598
3674
3662
3654
3660
3655
3650
3682
3596
3575
3576
3570
3574
3574
3570
3795
3865
3866
3860
3863
3862
3862
3861
3942
4082
4118
4106
4104
4113
4108
4108
4111
4106
4105
4188
4185
4185
4185
4190
4192
4366
4633
4482
4121
4060
4055
4065
4149
4161
4377
4204
4203
4200
4208
4210
4201
4201
4204
4201
4203
4204
4201
4201
4206
4198
4263
4120
4080
4080
4247
4202
4069
4082
4099
4076
4063
4056
4092
4268
4346
4348
4342
4333
4351
4337
4655
4657
4642
4567
4513
4513
4517
4518
4517
4494
4524
4519
4502
4521
4514
4518
4523
4510
4521
4587
4591
4601
4756
4778
4600
4597
4602
4724
4623
4668
4656
4668
4666
4661
4657
4663
4667
4731
4759
4659
4660
4668
4664
4661
4658
4658
4662
4693
4869
4870
4877
4873
4872
4870
4872
4870
4870
4870
4871
4875
4876
4878
4865
4868
4873
4872
4870
4871
4871
4870
4875
4864
4871
4870
4875
4873
4868
4873
4873
4868
4865
4871
4872
4873
4872
4865
4870
4864
4976
4805
4741
4735
4736
4747
4743
4783
4747
4738
4742
4939
4944
4951
4946
4948
5324
5190
5105
5094
5102
5104
5102
5097
5101
5062
5076
5172
5322
5329
5320
5322
5328
5322
5316
5235
5122
5123
5108
5108
5098
5076
5118
5113
5113
5100
5128
5119
5095
5105
5097
5103
5094
5301
5326
5326
5323
5321
5184
5107
5100
5093
5095
5107
5244
5105
5098
5364
5345
5337
5107
5074
5058
5042
5051
5056
5047
5194
5288
5255
5288
5476
5287
5245
5247
5247
5252
5176
5259
5255
5259
5484
5485
5470
5475
5486
5480
5489
5362
5058
5054
5060
5049
5049
5041
5053
5058
5053
5049
5046
5046
5046
5051
5048
5057
5049
5051
5049
5051
5046
5053
5040
5040
5052
5049
5062
5083
5077
5085
5084
5078
5080
5079
5075
5075
5082
5079
5089
5082
5082
5079
5077
5077
5080
5076
5074
5091
5079
5086
5078
5091
5088
5090
5088
5078
5074
4722
4723
4722
4720
4724
4725
4727
4726
4714
4709
4716
4724
4684
4607
4621
4609
4611
4611
4620
4967
4640
4619
4632
4640
4618
4621
4629
4622
4619
4627
4618
4626
4617
4614
4615
4620
4622
4614
4620
4624
4618
4610
4612
4765
5661
4617
4616
4627
4618
4623
4620
4619
4626
4622
4621
4617
4624
4620
4622
4616
4615
4614
4624
4620
4546
4541
4538
4542
4539
4543
4549
4539
4541
4536
4535
4470
4478
4474
4543
4896
4721
4722
4630
4521
4724
4720
4714
4713
4714
4720
4720
4715
4722
4724
4720
4726
4717
4720
4717
4715
4726
4716
4714
4740
4718
4718
4718
4715
4717
4719
4723
4791
4799
4791
4788
4697
4593
4603
4591
4641
4656
4663
4630
4648
4639
4638
4639
4672
4624
4615
4614
4616
4615
4614
4613
4612
4630
4609
4617
4613
4613
4620
4617
4627
4686
4684
4687
4689
4684
4882
4893
5161
4876
4862
4869
4866
4854
4935
4930
4934
4939
4934
4927
4927
4949
4937
4938
4924
4904
4968
4998
5253
5244
5228
5033
5100
5115
5107
5096
5101
5110
5100
5095
5104
5111
5104
5105
5105
5112
5110
5103
5112
5100
5103
5099
5100
5098
5104
5095
5099
5101
5094
5111
5104
5110
5102
5160
5326
5321
5340
5327
5319
5328
5330
5324
5323
5324
5323
5327
5332
5322
5331
5329
5324
5327
5335
5330
5327
5327
5323
5326
5325
5327
5326
5334
5321
5317
5321
5322
5322
5327
5327
5329
5329
5327
5331
5400
5412
5376
5115
5114
5124
5121
5198
5200
5198
5203
5191
5191
5203
5191
5192
5193
5194
5189
5196
5193
5194
5196
5193
5198
5192
5193
5188
5188
5192
5285
5270
5263
5339
5261
5415
5496
5477
5498
5486
5477
5474
5470
5472
5472
5471
5471
5506
5571
5577
5560
5549
5545
5542
5651
5692
5680
5679
5684
5680
5681
5676
5678
5676
5680
5680
5741
5622
5645
5696
5632
5625
5729
5717
5810
5793
5656
5654
5698
5831
5950
5698
5683
5693
5685
5904
5772
5800
5753
5792
5721
5731
5692
6005
6031
5962
5841
5783
5783
5936
5676
5671
5933
5891
5733
5666
5757
5849
5735
5883
5761
5649
5897
5670
5656
5645
5651
5647
5672
5691
5686
5651
5930
5724
5856
5805
5797
5642
5690
5980
6000
5875
5824
6022
5772
5788
5793
5789
5810
5864
5843
6087
5807
5804
5822
6012
6075
6080
5779
5785
5792
5798
5863
5834
5842
5848
5793
5790
6021
5877
6315
6072
5898
5898
5888
6102
6101
6104
6109
6111
6110
6109
6111
6133
6112
6252
6237
6254
6439
6217
6422
6459
6292
6394
6417
6246
6241
6285
6463
6550
6558
6385
6239
6232
6312
6497
6423
6509
6229
6242
6267
6255
6223
6240
6463
6263
6250
6242
6348
6388
6369
6566
6268
6480
6267
6254
6357
6438
6365
6487
6447
6240
6222
6209
6277
6392
6488
6322
6200
6367
6251
6286
6472
6309
6450
6447
6287
6335
6271
6560
6257
6231
6202
6219
6237
6239
6243
6303
6530
6529
6454
6254
6214
6184
6181
6183
6184
6193
6224
6462
7034
6321
6321
6382
6373
6340
6304
6381
6393
6493
6484
6403
6649
6489
6400
6381
6367
6369
6370
6371
6356
6464
7031
7103
6352
6440
6426
6397
6412
6413
6428
6415
6409
6408
6472
6468
6482
6478
6477
6967
6858
6853
6853
6853
6853
6856
6734
6755
6734
6724
6720
6711
6722
6811
6793
7153
6823
6765
6878
6854
7168
6861
6841
6840
6835
6847
6840
6844
6847
6851
6844
6842
6934
6823
6777
6761
6822
6820
6774
6766
6789
6786
6812
7162
7272
6818
6827
6894
6946
6836
6843
7030
6828
6829
6844
6832
6776
6776
6771
6771
6763
6766
6761
6762
6763
6788
6857
6900
6845
6844
6838
6845
6841
6837
6973
6831
7097
6878
6814
6821
6860
6807
6809
6957
6837
6849
6841
6835
6862
6838
6840
6806
6795
6795
6767
6766
6757
6831
6833
6827
6974
6882
6892
6869
6914
7002
7252
7514
7494
7040
7191
7388
7022
6973
6985
6995
6990
7006
7288
7296
7283
7286
7286
7287
7280
7165
7288
7290
7299
7288
7289
7285
7365
7370
7373
7370
7373
7369
7603
7600
7673
7669
7667
7670
7681
7672
7684
7746
7760
7753
7744
7746
7755
7750
7744
7745
7745
7742
7750
7922
7519
7561
7788
7545
7422
7412
7467
7566
7448
7449
7444
7445
7551
7562
7607
7420
7424
7423
7424
8009
7453
7439
7571
7539
7448
7451
7857
7428
7421
7441
7424
7418
7450
7400
7392
7394
7403
7395
7397
7366
7345
7359
7343
7351
7348
7368
7371
7367
7364
7384
7424
7422
7412
7416
7421
7420
7490
7534
7643
7763
7717
7748
7747
7746
7750
7752
7751
7748
7739
7743
7748
7741
7739
7725
7827
7825
7818
7827
7819
7685
7664
7907
7598
7480
7479
7531
7544
7542
7539
7531
7529
7682
7899
7896
7895
7889
7889
8162
7552
7540
7551
7543
7541
7535
7531
7538
7538
7501
7497
7586
7587
7586
7564
7573
7563
7852
7846
7916
7919
7916
7927
7930
7915
7915
7919
7918
7916
7915
7907
7920
7923
7929
7925
7913
7922
7933
7925
7920
7925
7975
7922
7928
7941
8124
7992
8537
8368
8187
7983
8001
8009
7998
8047
8012
8011
8002
8000
8014
7962
8002
8012
8007
8003
8011
8109
7963
7952
7952
7985
7989
7983
