8.54962e+07 1
2.90432e+07 2
9.88631e+06 3
3.38464e+06 4
1.17712e+06 5
426729 6
170830 7
82778.8 8
51738.1 9
40096.7 10
35089.8 11
32383.8 12
30505.9 13
28954.1 14
27555.9 15
26250.9 16
25016.5 17
23843.4 18
22726.4 19
21662.4 20
20648.5 21
19682.3 22
18761.6 23
17884.1 24
17047.9 25
16251.1 26
15491.7 27
14768 28
14078.3 29
13421 30
12794.7 31
12197.8 32
11628.9 33
11086.8 34
10570.2 35
10077.9 36
9608.71 37
9161.58 38
8735.46 39
8329.38 40
7942.38 41
7573.57 42
7222.1 43
6887.14 44
6567.93 45
6263.72 46
5973.81 47
5697.52 48
5434.21 49
5183.28 50
4944.13 51
4716.22 52
4499.02 53
4292.03 54
4094.76 55
3906.75 56
3727.58 57
3556.82 58
3394.08 59
3238.99 60
3091.18 61
2950.31 62
2816.05 63
2688.1 64
2566.16 65
2449.94 66
2339.17 67
2233.61 68
2132.99 69
2037.1 70
1945.71 71
1858.61 72
1775.59 73
1696.47 74
1621.05 75
1549.18 76
1480.67 77
1415.38 78
1353.14 79
1293.82 80
1237.29 81
1183.4 82
1132.03 83
1083.07 84
1036.4 85
991.921 86
949.521 87
909.104 88
870.578 89
833.854 90
798.847 91
765.476 92
733.665 93
703.34 94
674.431 95
646.872 96
620.599 97
595.552 98
571.672 99
548.907 100